  0.95656966  0.81721938  0.57632671  1.21677054  0.94116442 
   0.61313904  0.57543754  0.81784573  0.70022884 -0.25379314 
   0.46637908  0.44965503  0.8932023   1.38239768  0.73863318 
   0.32630041  0.32054085  0.94723469  0.54316978  1.43013111 
   0.96497004  0.82203186  0.56944151  0.21539783  1.51301348 
   0.89374905  0.77942598  0.62649433  1.25534818  0.41348459 
   0.64367981  0.60014295  0.79989277  1.28752901  1.29112773 
   0.61645368  0.57814524  0.81593387  1.16569057  1.0882598  
   0.9825621   0.83192179  0.55489291  1.62774055  1.0810012  
   0.65020487  0.60534948  0.7959598   1.45250377  0.67913721 
   0.28260231  0.27885568  0.96033302  0.95745883  0.43604579 
   0.76129666  0.68986074  0.7239421   0.74253364  0.22187004 
   0.54441776  0.51792011  0.85542899  1.56684327  0.72328007 
   0.35502226  0.34761124  0.93763875  1.56788901  1.17953206 
   0.85228484  0.7527864   0.65826487  1.34925942  1.05493701 
   0.88839212  0.77605872  0.63066065  1.83631701  1.1610939  
   0.61872582  0.57999766  0.81461814  0.76540183  0.563201   
   0.4080877   0.39685479  0.91788141  0.92091547  0.95057592 
   0.47655487  0.45872063  0.88858055  1.05307729  0.237102   
   0.88453418  0.7736199   0.63364994  0.98971663  1.5875173  
   0.94144622  0.80841022  0.5886195   1.7161301   0.8534905  
   0.25445793  0.25172083  0.96779989  1.28642286  1.60923385 
   0.36997861  0.36159549  0.93233508  0.48741756  0.43328124 
   0.33967438  0.3331801   0.9428632   1.08468111  1.22141646 
   0.17469236  0.17380519  0.98478005  0.72006782 -0.0194259  
   0.81639184  0.72867951  0.68485485  1.03492695  1.35005708 
   0.85646935  0.75553432  0.65510907  0.71615326  0.69787416 
   0.86919662  0.76381065  0.64544039  1.26365411  1.57039096 
   0.11425363  0.11400522  0.99348015  1.79700589  2.19791242 
   0.1082548   0.10804349  0.99414617  1.45937379  1.30271806 
   0.00507318  0.00507316  0.99998713  0.64615434  0.72228277 
   0.89849594  0.78239108  0.62278744  1.85634799  0.88822125 
   0.14178585  0.14131127  0.98996521  1.43646403  0.41294202 
   0.9738231   0.82704087  0.56214179  0.07104073  0.3491719  
   0.73580021  0.67118056  0.7412939  -0.14754222  0.78495717 
   0.17015892  0.16933898  0.98555787  1.32788856  1.28794153 
   0.95073403  0.81384226  0.58108586  0.17655365  1.26129036 
   0.65974286  0.61291369  0.79014986  0.54039264  1.88835497 
   0.83038514  0.73819124  0.6745915   0.74072931  0.91947674 
   0.62006001  0.581084    0.81384359  1.29385157  0.39125074 
   0.6610332   0.61393274  0.78935834  0.93195994  1.17622763 
   0.30509684  0.30038555  0.95381787  0.74044043  0.40012104 
   0.84632736  0.74885146  0.66273787  0.50763661  0.72246981 
   0.1372262   0.13679592  0.99059925  0.72749917  0.26505964 
   0.72181703  0.66074964  0.75060637  1.60588187  1.37828864 
   0.70543453  0.64836471  0.76132989  1.52542681  0.35681997 
   0.5792048   0.54735861  0.83689817  0.88635065  0.1700425  
   0.83040119  0.73820206  0.67457966  0.74520715  0.45140997 
   0.99537165  0.83896127  0.54419113  0.62242564  0.86628345 
   0.32135123  0.31584891  0.9488095   0.62638664  0.54322604 
   0.46202863  0.44576496  0.89515005  1.19297235  1.48754445 
   0.42467519  0.41202485  0.91117261  1.0683798   1.21003532 
   0.64947219  0.60476614  0.79640311  1.13194715  1.23557809 
   0.02057282  0.02057137  0.99978839  0.70813862  0.85194683 
   0.12606059  0.12572698  0.99206488  0.29404962  1.19019757 
   0.7231971   0.6617849   0.74969377  1.60169658  0.71450648 
   0.85283497  0.75314842  0.65785064 -0.11860033  1.74899801 
   0.52929554  0.5049254   0.86316299  0.2498043   0.23668294 
   0.06634396  0.0662953   0.99780005  1.34878605  1.08696782 
   0.88594577  0.77451359  0.63255727  1.14431606  1.61702791 
   0.15790948  0.15725404  0.98755818  1.1726101   1.05707232 
   0.28809613  0.28412734  0.95878655  1.27988611  1.00894864 
   0.80041472  0.71764497  0.69640915  0.69304957  0.38527712 
   0.96553542  0.82235368  0.56897665  1.03499766  0.76529627 
   0.26280013  0.25978556  0.96566633  1.66143602  0.55534807 
   0.09411261  0.09397374  0.99557468  0.95271283  1.39326031 
   0.27838175  0.27480006  0.96150139  0.34880855  1.54713574 
   0.53495732  0.50980432  0.86029039  0.85322032  1.12593032 
   0.54571235  0.5190271   0.85475778  1.27503041  0.71885937 
   0.41323934  0.40157809  0.91582478  0.42094048  0.7866022  
   0.6834317   0.63145771  0.77541032  1.27683449  1.01411554 
   0.35815061  0.35054279  0.93654672  2.04960058  1.91603543 
   0.05769002  0.05765803  0.99833639  1.50445992  0.99798528 
   0.05277773  0.05275323  0.99860758  1.17205612  1.36265785 
   0.59936121  0.56411515  0.82569613  1.12528317  0.7070114  
   0.60213308  0.56640169  0.82412931  1.10914019  0.92296163 
   0.0757383   0.07566591  0.99713323  1.98382499  0.31160434 
   0.29150659  0.28739558  0.95781197  1.16100601  0.88743088 
   0.49146825  0.47192086  0.88164091  0.21240861  1.23621881 
   0.40680893  0.39568071  0.91838814  0.88385466  1.05246239 
   0.46061208  0.44449648  0.8957806   0.73991332  1.38491417 
   0.92988523  0.80155132  0.59792598  1.17054555  0.04354249 
   0.28185437  0.27813732  0.96054132  1.22638248  1.61479466 
   0.64709703  0.60287285  0.79783728  0.76269441  0.63786689 
   0.83658372  0.74235854  0.67000283  0.23861975  1.43474655 
   0.15725261  0.15660531  0.98766127  1.14996901  0.99140175 
   0.01089738  0.01089717  0.99994062  1.44206409  1.51263044 
   0.70570042  0.64856712  0.76115747  0.68470396  1.29593363 
   0.51514858  0.49266415  0.87021953  0.61646385  1.495014   
   0.73924119  0.67372736  0.73898     1.10731806  1.15785483 
   0.86673747  0.76222111  0.64731676  0.96347661  0.87550772 
   0.35275406  0.3454836   0.93842479  0.49178759  1.09541121 
   0.92482651  0.79851634  0.60197313  2.04088824  0.98447098 
   0.64375851  0.6002059   0.79984553  0.91064985  0.51837401 
   0.95694247  0.81743419  0.576022    0.54070296  1.36914919 
   0.34072854  0.33417384  0.94251146  0.23305978  2.11834476 
   0.88214483  0.77210369  0.63549657  0.62429827  1.19582611 
   0.38032413  0.37122145  0.92854436  1.14264718  0.85893278 
   0.5817533   0.54948966  0.83550051  1.56068948  1.01589988 
   0.21677603  0.21508223  0.97659594  0.49343253  1.34416423 
   0.5210795   0.49781666  0.86728229  1.34635405  1.27792993 
   0.95453161  0.8160431   0.57799105  1.0323503   1.35700021 
   0.52200127  0.49861589  0.86682305  0.12834062  0.00717638 
   0.19548572  0.19424303  0.98095344  0.88012586  0.90086167 
   0.19110176  0.18994071  0.98179556  0.82290609  0.65225146 
   0.35002176  0.34291825  0.93936525  0.83277238  1.88366229 
   0.51301876  0.49080962  0.87126684  0.09989134  1.39186763 
   0.07656002  0.07648525  0.99707071  0.46132043  0.61532847 
   0.27436008  0.270931    0.96259877  2.40271158  0.94496814 
   0.19272977  0.19153883  0.98148504  0.87197882  0.95200218 
   0.10696088  0.10675705  0.99428514 -0.06857427  1.57556405 
   0.05083373  0.05081184  0.99870824  0.8881619   1.85400062 
   0.55747888  0.52904848  0.8485916   1.54778035 -0.01611279 
   0.21961755  0.21785638  0.97598084  1.74280932  1.51791776 
   0.13115733  0.13078162  0.9914112   0.28177558  0.66288005 
   0.03752488  0.03751607  0.99929602  1.21024881  1.58994563 
   0.15281814  0.15222403  0.98834601  1.01623227  0.50753768 
   0.37308387  0.36448888  0.93120774  0.82140911  1.12796525 
   0.63609332  0.59405736  0.80442268  1.41126976  2.26218531 
   0.11283712  0.11259783  0.99364064  1.55329007  1.76465719 
   0.58885943  0.55541292  0.83157471  1.71204386  0.96810683 
   0.46184579  0.44560127  0.89523154  1.79648845  0.24953501 
   0.97489778  0.82764452  0.56125266  1.52716564  0.37318142 
   0.18667015  0.18558793  0.98262766  0.01620409  1.73187884 
   0.96483095  0.82195264  0.56955584  0.75276131  1.72916026 
   0.55436607  0.52640442  0.85023431  0.78553943  1.31963506 
   0.39764374  0.387247    0.92197601  1.53010219  0.45807423 
   0.82428134  0.73405994  0.67908468  1.17149174  1.70278783 
   0.46315925  0.44677674  0.89464548  0.85205423  1.32592556 
   0.46206828  0.44580045  0.89513237  0.79945259  0.56738399 
   0.31471077  0.30954146  0.95088595  0.98157033  1.30022139 
   0.3546582   0.34726986  0.93776524  0.79196554  1.66638212 
   0.39185163  0.38190035  0.92420351  1.7426007   1.07426592 
   0.52588048  0.50197471  0.8648823   1.00849536  0.46505453 
   0.64837458  0.60389164  0.79706643  0.9148767   0.13869203 
   0.2639677   0.26091286  0.96536236  1.3066039   1.14020687 
   0.7261016   0.66395959  0.74776846  0.87923486  1.5318608  
   0.82342053  0.7334751   0.67971632  1.34470178  0.35289479 
   0.93538975  0.80483046  0.59350479  1.19650735  0.92648517 
   0.26179551  0.2588153   0.96592683  0.69997426  0.79709136 
   0.65747096  0.61111697  0.7915403   1.29228023  0.38075603 
   0.35583175  0.34837013  0.93735706  1.55546387  0.44636008 
   0.96624967  0.82275986  0.56838914  0.73982405  0.55445151 
   0.97889429  0.82988096  0.5579405   0.64335644  0.96206987 
   0.89822186  0.78222036  0.62300185  0.89641943  1.01785948 
   0.83293343  0.73990789  0.67270819  1.72139253  0.08510452 
   0.58774218  0.55448349  0.83219472  0.8230158   1.02019169 
   0.36538964  0.35731324  0.93398461  0.71833347  1.27424334 
   0.29038489  0.28632102  0.95813374  1.27824751  1.44188815 
   0.22577596  0.2238627   0.97462069  0.79439571  0.02559164 
   0.68278094  0.63095297  0.77582108  0.54807926  2.0054599  
   0.10298103  0.10279911  0.99470214 -0.31358938  0.68236389 
   0.99726503  0.83999013  0.54260168  0.22057056  0.58109637 
   0.89955149  0.78304803  0.62196123  0.35171279  0.56060268 
   0.9581078   0.81810489  0.57506903 -0.09490838  0.65420618 
   0.16536032  0.16460775  0.98635911  1.06176362  0.27285945 
   0.51633937  0.49370005  0.86963226  0.68813776  0.88580162 
   0.06709046  0.06704014  0.99775028  0.85789112  1.52042412 
   0.65715093  0.61086363  0.79173583  1.3308741   1.24907033 
   0.44222335  0.42794999  0.90380242  1.25263505  1.36542739 
   0.60344661  0.56748372  0.82338462  0.29397796  1.81324635 
   0.89376488  0.7794359   0.62648199  0.52797166  1.12886224 
   0.46445385  0.44793458  0.89406634  1.3058805   0.53732208 
   0.15226324  0.15167558  0.98843033  1.52370693  1.20117567 
   0.21761489  0.21590138  0.97641518  0.73455958  1.05200279 
   0.06047958  0.06044272  0.99817167  0.9862535   0.64448305 
   0.87976538  0.77058937  0.63733196  1.92428531  2.42134041 
   0.52647438  0.50248828  0.86458402  1.10800009  1.84811452 
   0.72729667  0.66485275  0.74697444  0.48613311  1.21968126 
   0.61710434  0.57867602  0.81555752  2.02370598 -0.17951496 
   0.43946986  0.42545976  0.90497734  0.59685774  0.37599542 
   0.4975181   0.47724599  0.87876974  1.5215347   1.49118063 
   0.72110133  0.66021226  0.75107908  0.88730216  1.00536624 
   0.34029886  0.33376883  0.94265496  0.67332825  0.97267746 
   0.07664963  0.0765746   0.99706385  1.16243027  1.92362761 
   0.67440988  0.62443649  0.78107558  0.41759831  1.66175845 
   0.47977873  0.4615829   0.88709708  0.14769871  1.55291769 
   0.38554185  0.37606126  0.9265948   1.2057023   1.90665043 
   0.0133018   0.0133014   0.99991153  0.92413649  0.44326583 
   0.73492253  0.67052968  0.7418827   1.06890892  1.59685304 
   0.39707649  0.38672395  0.92219553  0.24905439  1.23650423 
   0.65294667  0.60752957  0.79429706  1.79918009  1.93416865 
   0.65699283  0.61073844  0.79183241  1.9464234   0.7648298  
   0.40028904  0.38968455  0.9209484   1.06584081  1.52866909 
   0.60726362  0.57062245  0.82121253  1.56607889  1.67204908 
   0.41651997  0.40458042  0.91450243  1.59723314  1.37393214 
   0.3589264   0.35126925  0.93627449  0.95395279  1.17852226 
   0.99637486  0.83950679  0.5433492   1.23187112  0.90449947 
   0.74222481  0.67592919  0.73696657  1.21238601  0.71818421 
   0.34235766  0.33570885  0.9419658   1.11184305  0.92226097 
   0.05061519  0.05059358  0.99871932  0.81812476  0.78242433 
   0.45764618  0.44183773  0.89709499  0.85894215  0.58009355 
   0.59386588  0.55956918  0.82878365  1.16788729  0.77414105 
   0.17316822  0.17230405  0.98504381  1.56626553  1.46451223 
   0.96333378  0.821099    0.5707858   1.19194378  0.87924872 
   0.66074869  0.61370814  0.78953297 -0.03927591  0.87471263 
   0.57475623  0.54363021  0.83932485  1.23454234  1.23573148 
   0.59260362  0.55852259  0.82948931  1.46155851  0.49715975 
   0.02795883  0.02795519  0.99960918  1.8308606   0.48333441 
   0.16856248  0.16776538  0.98582695  1.1693157   0.9450288  
